046563
046564
046565
046566
046567
046568
046569
046570
046571
046572
046573
046574
046575
046576
046577
046578
046579
046580
046581
046582
046583
046584
046585
046586
046587
046588
046589
046590
046591
046592
046593
046594
046595
046596
046597
046598
046599
046600
046601
046602
046603
046604
046605
046606
046607
046608
046609
046610
046611
046612
046613
046614
046615
046616
046617
046618
046619
046620
046621
046622
046623
046624
046625
046626
046627
046628
046629
046630
046631
046632
046633
046634
046635
046636
046637
046638
046639
046640
046641
046642
046643
046644
046645
046646
046647
046648
046649
046650
046651
046652
046653
046654
046655
046656
046657
046658
046659
046660
046661
046662
046663
046664
046665
046666
046667
046668
046669
046670
046671
046672
046673
046674
046675
046676
046677
046678
046679
046680
046681
046682
046683
046684
046685
046686
046687
046688
046689
046690
046691
046692
046693
046694
046695
046696
046697
046698
046699
046700
046701
046702
046703
046704
046705
046706
046707
046708
046709
046710
046711
046712
